,0,1,2,3
0,5.6,2.5,3.9,1.1
1,7.7,3.0,6.1,2.3
2,6.3,3.3,4.7,1.6
3,5.5,2.4,3.8,1.1
4,6.3,2.7,4.9,1.8
5,6.3,2.8,5.1,1.5
6,4.9,2.5,4.5,1.7
7,6.3,2.5,5.0,1.9
8,7.0,3.2,4.7,1.4
9,6.5,3.0,5.2,2.0
10,6.0,3.4,4.5,1.6
11,4.8,3.1,1.6,0.2
12,5.8,2.7,5.1,1.9
13,5.6,2.7,4.2,1.3
14,5.6,2.9,3.6,1.3
15,5.5,2.5,4.0,1.3
16,6.1,3.0,4.6,1.4
17,7.2,3.2,6.0,1.8
18,5.3,3.7,1.5,0.2
19,4.3,3.0,1.1,0.1
20,6.4,2.7,5.3,1.9
21,5.7,3.0,4.2,1.2
22,5.4,3.4,1.7,0.2
23,5.7,4.4,1.5,0.4
24,6.9,3.1,4.9,1.5
25,4.6,3.1,1.5,0.2
26,5.9,3.0,5.1,1.8
27,5.1,2.5,3.0,1.1
28,4.6,3.4,1.4,0.3
29,6.2,2.2,4.5,1.5
30,7.2,3.6,6.1,2.5
31,5.7,2.9,4.2,1.3
32,4.8,3.0,1.4,0.1
33,7.1,3.0,5.9,2.1
34,6.9,3.2,5.7,2.3
35,6.5,3.0,5.8,2.2
36,6.4,2.8,5.6,2.1
37,5.1,3.8,1.6,0.2
38,4.8,3.4,1.6,0.2
39,6.5,3.2,5.1,2.0
40,6.7,3.3,5.7,2.1
41,4.5,2.3,1.3,0.3
42,6.2,3.4,5.4,2.3
43,4.9,3.0,1.4,0.2
44,5.7,2.5,5.0,2.0
45,6.9,3.1,5.4,2.1
46,4.4,3.2,1.3,0.2
47,5.0,3.6,1.4,0.2
48,7.2,3.0,5.8,1.6
49,5.1,3.5,1.4,0.3
50,4.4,3.0,1.3,0.2
51,5.4,3.9,1.7,0.4
52,5.5,2.3,4.0,1.3
53,6.8,3.2,5.9,2.3
54,7.6,3.0,6.6,2.1
55,5.1,3.5,1.4,0.2
56,4.9,3.1,1.5,0.1
57,5.2,3.4,1.4,0.2
58,5.7,2.8,4.5,1.3
59,6.6,3.0,4.4,1.4
60,5.0,3.2,1.2,0.2
61,5.1,3.3,1.7,0.5
62,6.4,2.9,4.3,1.3
63,5.4,3.4,1.5,0.4
64,7.7,2.6,6.9,2.3
65,4.9,2.4,3.3,1.0
66,7.9,3.8,6.4,2.0
67,6.7,3.1,4.4,1.4
68,5.2,4.1,1.5,0.1
69,6.0,3.0,4.8,1.8
70,5.8,4.0,1.2,0.2
71,7.7,2.8,6.7,2.0
72,5.1,3.8,1.5,0.3
73,4.7,3.2,1.6,0.2
74,7.4,2.8,6.1,1.9
75,5.0,3.3,1.4,0.2
76,6.3,3.4,5.6,2.4
77,5.7,2.8,4.1,1.3
78,5.8,2.7,3.9,1.2
79,5.7,2.6,3.5,1.0
80,6.4,3.2,5.3,2.3
81,6.7,3.0,5.2,2.3
82,6.3,2.5,4.9,1.5
83,6.7,3.0,5.0,1.7
84,5.0,3.0,1.6,0.2
85,5.5,2.4,3.7,1.0
86,6.7,3.1,5.6,2.4
87,5.8,2.7,5.1,1.9
88,5.1,3.4,1.5,0.2
89,6.6,2.9,4.6,1.3
90,5.6,3.0,4.1,1.3
91,5.9,3.2,4.8,1.8
92,6.3,2.3,4.4,1.3
93,5.5,3.5,1.3,0.2
94,5.1,3.7,1.5,0.4
95,4.9,3.1,1.5,0.1
96,6.3,2.9,5.6,1.8
97,5.8,2.7,4.1,1.0
98,7.7,3.8,6.7,2.2
99,4.6,3.2,1.4,0.2
